SNR000.0+00.0 359.956912651 -0.0519233258336 0.02
SNR000.3+00.0 0.33214128164 0.043352174675 0.09
SNR004.5+06.8 4.53164364486 6.81813372281 0.03
SNR005.2-02.6 5.19884156962 -2.60368733614 0.15
SNR005.4-01.2 5.34760771179 -1.13148097892 0.29
SNR006.1+00.5 6.10066281565 0.530699403523 0.12
SNR006.4-00.1 6.43518872934 -0.0707937861407 0.4
SNR008.3-00.0 8.30004154686 -0.0951618919426 0.04
SNR008.7-00.1 8.74938133663 -0.0987132133364 0.38
SNR010.5-00.0 10.6007564981 -0.0314477228844 0.05
SNR011.4-00.1 11.4049990581 -0.0398795039797 0.07
SNR012.5+00.2 12.5860994671 0.219261084009 0.05
SNR015.4+00.1 15.4194766872 0.177202871993 0.12
SNR016.4-00.5 16.4102623039 -0.551505777961 0.11
SNR016.7+00.1 16.7353377142 0.0931174803211 0.03
SNR017.0-00.0 17.0304011233 -0.0351511063324 0.04
SNR017.4-00.1 17.4802613013 -0.114362348736 0.05
SNR017.8-02.6 17.7952268674 -2.60928178871 0.2
SNR018.1-00.1 18.1656082093 -0.147526808918 0.07
SNR018.9-01.1 18.9499682162 -1.18769520484 0.28
SNR020.0-00.2 19.9862671676 -0.170356441644 0.08
SNR022.7-00.2 22.6610823713 -0.193575797136 0.22
SNR023.3-00.3 23.2068079899 -0.333031105729 0.23
SNR023.6+00.3 23.5253898367 0.311825525497 0.08
SNR024.7+00.6 24.6649893908 0.591216055758 0.18
SNR024.7-00.6 24.7851326109 -0.619836126547 0.12
SNR027.4+00.0 27.3923004182 -0.00307629206063 0.03
SNR027.8+00.6 27.6946144758 0.567452114822 0.32
SNR028.6-00.1 28.6224392234 -0.0992828103334 0.08999997
SNR028.8+01.5 28.9143962387 1.43170399886 0.83
SNR029.6+00.1 29.559174936 0.112428214216 0.04
SNR030.7+01.0 30.7221004042 0.956507639016 0.17
SNR031.5-00.6 31.5474051414 -0.631211367383 0.1499999
SNR031.9+00.0 31.8856751049 0.0316481581192 0.05
SNR032.4+00.1 32.403325246 0.110612733685 0.05
SNR032.8-00.1 32.8118964876 -0.0508399073173 0.14
SNR033.2-00.6 33.1790524609 -0.548132779457 0.15
SNR034.7-00.4 34.6712682594 -0.390055893798 0.26
SNR035.6-00.4 35.467711203 -0.430872218955 0.08
SNR036.6-00.7 36.5839879425 -0.699894585783 0.21
SNR043.3-00.2 43.2655036186 -0.186743564183 0.03
SNR045.7-00.4 45.6844337034 -0.386197959032 0.18
SNR049.2-00.7 49.1411244348 -0.604058535656 0.25
SNR073.9+00.9 73.9106008957 0.884692166894 0.23
SNR074.0-08.5 73.9841818378 -8.56241008915 1.6
SNR074.9+01.2 74.9426530274 1.14036710784 0.06
SNR078.2+02.1 78.1406461291 2.18338356432 0.5
SNR089.0+04.7 88.8355464777 4.79205677609 0.87
SNR109.1-01.0 109.142151034 -1.01939027193 0.23
SNR111.7-02.1 111.734619321 -2.14543670081 0.04
SNR132.7+01.3 132.622064126 1.5120994995 0.67
SNR179.0+02.6 179.056039076 2.59795236247 0.58
SNR180.0-01.7 180.173018616 -1.82034417827 1.5
SNR184.6-05.8 184.55124196 -5.78382972318 0.05
SNR189.1+03.0 189.030251427 2.97990128936 0.38
SNR192.8-01.1 192.767555879 -1.11327833061 0.65
SNR205.5+00.5 205.732349999 0.209279422913 1.83
SNR213.3-00.4 213.146584861 -0.480182406527 1.33
SNR260.4-03.4 260.398860344 -3.43979288287 0.46
SNR263.9-03.3 263.936351843 -3.36630590044 2.12
SNR266.2-01.2 266.256551499 -1.21771864414 1.0
SNR284.3-01.8 284.307639124 -1.78377981905 0.2
SNR286.5-01.2 286.567228539 -1.21317975457 0.1
SNR291.0-00.1 291.024150368 -0.0798061943132 0.12
SNR292.0+01.8 292.031364046 1.7514736463 0.08
SNR292.2-00.5 292.162614611 -0.539403435154 0.14
SNR296.5+10.0 296.490485183 9.92870396005 0.64
SNR298.6-00.0 298.606297403 -0.0657925444632 0.09
SNR304.6+00.1 304.600757183 0.124553905535 0.07
SNR306.3-00.8 306.308570939 -0.88774830288 0.02
SNR310.8-00.4 310.811525735 -0.461760975557 0.1
SNR311.5-00.3 311.530322077 -0.343320938909 0.04
SNR316.3-00.0 316.289822146 -0.0144745632742 0.17
SNR320.4-01.2 320.384434623 -1.19375731145 0.29
SNR321.9-00.3 321.900810449 -0.301753980046 0.22
SNR326.3-01.8 326.29337256 -1.76607044954 0.32
SNR328.4+00.2 328.410690682 0.233512137346 0.04
SNR332.0+00.2 332.048002328 0.212825214839 0.1
SNR332.4-00.4 332.431093307 -0.361669365708 0.08
SNR336.7+00.5 336.754223231 0.526616005174 0.1
SNR337.0-00.1 336.979483926 -0.130315763018 0.01
SNR337.2+00.1 337.174438044 0.0566030532997 0.02
SNR337.2-00.7 337.190144853 -0.737393572588 0.05
SNR337.3+01.0 337.332002081 0.962810546942 0.11
SNR337.8-00.1 337.785141422 -0.0974350244823 0.06
SNR338.3-00.0 338.319059451 -0.0811512798753 0.07
SNR345.7-00.2 345.728278015 -0.179797182673 0.05
SNR347.3-00.5 347.375069459 -0.510307552516 0.5
SNR348.5+00.1 348.391379063 0.166228840518 0.12
SNR348.5-00.0 348.595503361 -0.0149306770886 0.08
SNR349.7+00.2 349.735550609 0.176296034737 0.02
SNR351.9-00.9 351.922188551 -0.964443382017 0.09
SNR352.7-00.1 352.744024078 -0.123857923542 0.06
SNR355.4+00.7 355.404305943 0.731030482351 0.21
SNR355.9-02.5 355.942354954 -2.53660564336 0.11
SNR356.3-00.3 356.294208214 -0.353924303106 0.07
SNR357.7+00.3 357.672948228 0.347258820627 0.2
SNR357.7-00.1 357.684652345 -0.12222378569 0.04
SNR358.1+00.1 358.12160608 1.04026231021 0.17
SNR358.5-00.9 358.580419227 -1.00243559272 0.14
SNR359.0-00.9 358.994375761 -0.913309325464 0.19
SNR359.1-00.5 359.123348332 -0.509728483854 0.2
